1	1
2	2
3	3
4	4
5	5
6	6
7	7
8	8
9	9
10	10
11	11
14	12
13	13
24	14
31	15
25	16
33	17
27	18
43	19
26	20
19	21
40	22
44	23
30	24
16	25
32	26
18	27
15	28
46	29
34	30
36	31
37	32
63	33
101	34
22	35
70	36
76	37
55	38
67	39
66	40
72	41
98	42
59	43
85	44
100	45
84	46
104	47
109	48
108	49
87	50
91	51
99	52
88	53
47	54
96	55
73	56
110	57
74	58
81	59
97	60
60	61
62	62
107	63
57	64
112	65
20	66
111	67
82	68
136	69
222	70
128	71
156	72
159	73
133	74
117	75
163	76
144	77
71	78
168	79
138	80
203	81
65	82
202	83
224	84
118	85
164	86
139	87
116	88
240	89
157	90
78	91
217	92
190	93
125	94
239	95
181	96
201	97
169	98
205	99
246	100
115	101
225	102
182	103
226	104
228	105
42	106
145	107
170	108
166	109
80	110
176	111
258	112
142	113
259	114
130	115
243	116
154	117
188	118
161	119
48	120
171	121
143	122
264	123
148	124
129	125
77	126
263	127
150	128
261	129
174	130
105	131
147	132
127	133
140	134
120	135
106	136
204	137
123	138
137	139
215	140
231	141
162	142
238	143
23	144
187	145
199	146
247	147
119	148
245	149
177	150
172	151
242	152
189	153
185	154
93	155
165	156
173	157
56	158
167	159
113	160
237	161
131	162
206	163
248	164
61	165
151	166
210	167
160	168
122	169
146	170
216	171
126	172
249	173
179	174
260	175
175	176
180	177
58	178
90	179
45	180
255	181
207	182
266	183
121	184
257	185
276	186
213	187
183	188
274	189
272	190
230	191
241	192
275	193
273	194
212	195
227	196
277	197
269	198
253	199
265	200
271	201
282	202
268	203
285	204
184	205
50	206
41	207
102	208
69	209
92	210
21	211
17	212
124	213
49	214
53	215
54	216
52	217
51	218
132	219
39	220
135	221
141	222
149	223
153	224
64	225
155	226
158	227
79	228
152	229
178	230
186	231
198	232
200	233
208	234
218	235
278	236
283	237
219	238
220	239
211	240
103	241
229	242
244	243
254	244
